31 21 63
23 3 3 26 9 F
17 7 3 26 10 F
20 6 3 26 11 F
7 5 9 26 6 W
14 12 5 26 0 H
9 8 4 26 7 S
7 2 4 26 12 A
2 20 2 26 8 T
3 3 0 26 1 *
27 17 99 26 2 >
27 3 0 26 3 =
3 17 0 26 4 +
24 14 99 26 5 X
28 2 0 25 13 =
2 17 0 25 14 +
4 18 0 24 15 +
5 17 0 22 16 +
4 17 0 22 17 +
5 19 0 21 18 +
6 16 0 21 19 +
4 19 0 21 20 +
2 3 0 20 21 *
3 16 0 20 22 +
6 17 0 18 23 +
5 18 0 18 24 +
28 3 0 17 25 =
3 4 0 17 26 *
4 16 0 16 27 +
7 16 0 15 28 +
2 4 0 15 29 *
2 16 0 14 30 +
7 17 0 12 31 +
4 3 0 12 32 *
1 17 0 11 33 +
29 3 0 11 34 =
8 16 0 11 35 +
26 3 0 9 36 =
6 18 0 9 37 +
7 18 0 9 38 +
6 19 0 8 39 +
8 15 0 8 40 +
1 16 0 7 41 +
5 16 0 6 42 +
9 15 0 5 43 +
9 16 0 5 44 +
4 15 0 4 45 +
10 17 0 4 46 +
2 18 0 3 47 +
9 14 0 3 48 +
7 15 0 3 49 +
8 14 0 3 50 +
9 18 0 3 51 +
2 19 0 3 52 +
5 15 0 2 53 +
29 4 0 2 54 =
8 18 0 2 55 +
6 14 0 2 56 +
7 14 0 2 57 +
5 13 0 2 58 +
26 4 0 1 59 =
9 17 0 1 60 +
25 3 0 1 61 =
7 19 0 1 62 +
